1 1
2 0
3 0
4 1
5 1
6 0
7 0
8 0
9 0
10 0
11 1
12 1
13 0
14 0
15 0
16 0
17 0
18 1
19 1
20 0
21 0
22 0
23 0
24 0
25 1
26 1
27 0
28 0
29 0
30 0
31 0
32 1
33 1
34 0
35 0
36 0
37 0
38 0
39 1
40 1
41 0
42 0
43 0
44 0
45 0
46 1
47 1
48 0
49 0
50 0
51 0
52 0
53 1
54 1
55 0
56 0
57 0
58 0
59 0
60 1
61 1
62 0
63 0
64 0
65 0
66 0
67 1
68 1
69 0
70 0
71 0
72 0
73 0
74 1
75 1
76 0
77 0
78 0
79 0
80 0
81 1
82 1
83 0
84 0
85 0
86 0
87 0
88 1
89 1
90 0
91 0
92 0
93 0
94 0
95 1
96 1
97 0
98 0
99 0
100 0
101 0
102 1
103 1
104 0
105 0
106 0
107 0
108 0
109 1
110 1
111 0
112 0
113 0
114 0
115 0
116 1
117 1
118 0
119 0
120 0
121 0
122 0
123 1
124 1
125 0
126 0
127 0
128 0
129 0
130 1
131 1
132 0
133 0
134 0
135 0
136 0
137 1
138 1
139 0
140 0
141 0
142 0
143 0
144 1
145 1
146 0
147 0
148 0
149 0
150 0
491
