01010101
01010010
01000100
00001000
01011111
00010011
01011001
01000101
01010010
00010010
01011111
01011100
01010110
01010011
01011110
01011101
01000001
00010011
00011100
00011001
00001000
00000000
00011110
00000000
01000011
01000000
01011111
01000011
01010111
01010110
01000001
00000000
01000010
01010110
01001000
01001001
00010001
01000001
01011011
01001000
01010011
01011111
01000101
01010110
00110001
00110011
00110000
00110011
00110001
00110011
00110000
00110000
00110001
00110010
00110010
00110000
00110001
00110011
00110000
00110010
00110001
00110010
00110000
00110001
00110001
00110011
00110000
00110011
00110001
00110010
00110001
00110001
