10000000
00000000
00111100
00111100
00111100
00111100
00111100
00111100
00111100
00000000
10000000
11111100
11111100
11000000
11000001

000000001
000000001
001001000
001001100
001001100
001001100
001001100
001001100
001001100
001001100
001001100

00111111
00111111
00111111
00111111
00111000
00110001
00100011
00001111
00001111
00000111
00100111
00100011
00110001
00111000
00111100

100000011
000000001
001111001
001111000
001111000
001111000
001111000
001111000
001111000
001111000
001111000
001111001
000000001
100000011

00000000
00000000
11111000
11111001
11110001
11110011
11100011
11100111
11000111
11001111
10001111
10011111
00000000
00000000

11100111
11100111
11100111
00000000
00000000
11100111
11100111
11100111
11100111
11100111
11100111
11100111
11100001
11100001

001111000
001111001
001111001
000111001
100111001
100110001
100110011
100110011
100110011
110010011
110010111
110010111
110000111
110000111

11011001
11011001
11011001
11011001
10000000
00000000
11011001
11011001
11011001
00000000
10000000
11011001
11011001
11011001

001111000
001111000
001111000
001111000
001111000
001111000
000000000
000000000
001111000
001111000
001111000
001111000
001111000
001111000

001111100
000111001
000111001
100111001
100111011
100010011
110010011
110000111
110000111
111000111
111001111
111001111
111011111
110011111
110011111

100000001
000000001
001111000
001111000
001111000
001111000
001111000
001111000
001111000
000000001
100000001

11000000
10000000
00011111
00011111
00011111
00011111
00011111
00011111
00011111
00011111
00011111
00011111
10000000
11000000

001111000
000111001
100111001
100110011
100110011
110010011
110000111
110000111
111000111
111001111
111001111
111001111
111001111
111001111

001111000
001111000
001111000
001111000
001111000
001111000
001111000
001111000
001111000
001111000
001111001
001111001
000000001
100000011

10000000
00000000
00111100
00111100
00111100
00111100
00111100
00111100
00111100
00000000
10000000
11111100
11111100
11111100
11111100

100000001
100000001
111111000
111111000
100000000
000000000
001111000
001111000
001111000
000000000
100000000

100000001
000000001
001111000
001111000
001111000
001111000
001111000
001111000
001111000
000000001
100000001

00000000
00000000
00011111
00011111
00011111
00011111
00000011
00000001
00011111
00011111
00011111
00011111
00000000
00000000

111100
111100
111111
111111
000000
000000
111100
111100
111100
111100
111100
111100
111100
111100
111100
111100
111100
000000
000001

110000111
110000111
110010111
110010111
110110011
100110011
100110011
100110011
100110001
100000001
000000001
001111001
001111001
001111000

001111111
001111111
001111111
001111111
000000011
000000001
001111001
001111000
001111000
001111000
001111000
001111000
001111000
001111000
001111000

001111000
001111001
000111001
100111001
100110001
100110011
100010011
110010011
110000111
110000111
111000111

001111000
001111001
000111001
100111001
100110001
100110011
100010011
110010011
110000111
110000111
111000111

10000011
00000011
00111111
00111111
00111111
10000000
10000000
00011001
00111001
00111001
00111001
00111001
10000000
10000000

111100
111100
111111
111111
000000
000000
111100
111100
111100
111100
111100
111100
111100
111100
111100
111100
111100
000000
000001

00000000
00000000
00011111
00011111
00011111
00011111
00000011
00000001
00011111
00011111
00011111
00011111
00000000
00000000

10000000
00000000
00111111
00111111
00111111
00011111
10000001
11000000
11111100
11111100
11111100
11111100
10000000
00000001

001111000
001111001
000111001
100111001
100110001
100110011
100010011
110010011
110000111
110000111
111000111

000000001
000000001
001001000
001001100
001001100
001001100
001001100
001001100
001001100
001001100
001001100

00000001
00000000
00111100
00111100
00111100
00111100
00111100
00111100
00111100
00111100
00111100
00111100
00000000
00000001

11011001
11011001
11011001
11011001
10000000
00000000
11011001
11011001
11011001
00000000
10000000
11011001
11011001
11011001

00111000
00111001
00110001
00110011
00100111
00001111
00001111
00000111
00100111
00110011
00110001
00111001
00111000
00111100

10000001
00000000
00111100
00111100
00111100
00000000
00000001
00111111
00111111
00000001
10000000

00000000
00000000
00111111
00111111
00111111
00111111
00000001
00000001
00111111
00111111
00111111
00111111
00111111
00111111

00111111
00111111
00111111
00111111
00111111
00111111
00111111
00111111
00111111
00111111
00111111
00111111
00000000
00000000

100000001
000000001
011111100
011111100
011000100
011000100
011010100
011010100
011000000
011000000
011111111
011111111
000000001
000000000

001111000
000111001
100111001
100110011
100110011
110010011
110000111
110000111
111000111
111001111
111001111
111001111
111001111
111001111

10000000
10000000
00011111
00111111
00111111
00111111
00110000
00110000
00111100
00111100
00111100
00011100
10000000
10000000

00111100
00011100
10011000
10011001
11001001
11000011
11100011
11100011
11000011
11001001
10001001
10011000
00011100
00011100

00000000
00000000
00111111
00111111
00111111
00111111
00000001
00000001
00111111
00111111
00111111
00111111
00111111
00111111

