AAAAAAAA
-(&)5#4-

97 01100001
45 00101101
76 01001100

97 01100001
40 00101000
73 01001001

97 01100001
38 00100110
70 01000110

97 01100001
41 00101001
72 01001000

97 01100001
53 00110101
84 01010100

97 01100001
35 00100011
66 01000010

97 01100001
52 00110100
85 01010101

97 01100001
45 00101101 
76 01001100

BBBBBBBB
.+%*6 7.

98 01100010
46 00101110
76 01001100

98 01100010
43 00101011
73 01001001

98 01100010
37 00100101
70 01000110

98 01100010
42 00101010
72 01001000

98 01100010
54 00110110
84 01010100

98 01100010
32 00100000
66 01000010

98 01100010
55 00110111
85 01010101

98 01100010
46 00101110
76 01001100

Xorkey:

76 73 70 72 84 66 85
