1
50
29 
27 56 
74 6 78 
73 100 70 68 
9 21 41 60 59 
54 52 89 42 21 82 
54 32 93 96 2 63 34 
7 95 65 24 76 51 72 72 
86 29 53 15 32 6 80 8 10 
54 54 41 38 90 51 10 84 52 95 
14 7 83 25 70 75 69 26 16 91 77 
81 73 99 78 47 19 100 72 34 83 85 77 
47 83 75 39 1 39 21 28 58 10 44 95 76 
80 14 59 88 24 74 22 71 85 89 64 67 57 77 
30 99 49 34 74 47 27 5 61 9 10 49 72 60 34 
5 92 71 84 1 61 60 77 25 86 55 67 52 83 9 60 
3 99 22 48 97 90 7 5 50 23 26 86 48 80 3 17 50 
55 99 54 56 19 92 78 29 88 85 69 24 12 86 24 58 60 87 
70 97 59 69 74 14 94 14 59 61 42 18 60 81 87 95 30 7 93 
74 68 29 53 80 65 4 65 64 22 15 65 32 5 63 99 15 57 11 74 
33 32 57 100 61 2 72 37 96 4 98 80 40 94 37 5 13 81 73 20 16 
81 49 14 90 51 95 53 95 11 47 39 76 22 20 44 44 47 62 33 50 4 44 
26 40 16 10 87 51 59 7 92 39 18 28 82 43 1 89 69 71 19 98 76 90 10 
30 36 35 64 52 54 84 98 14 33 48 83 67 12 19 52 94 84 83 12 65 97 55 87 
96 84 41 42 86 14 68 78 19 95 89 96 68 37 94 33 96 36 58 74 8 91 20 29 17 
6 54 99 11 37 45 17 10 48 19 30 85 88 18 67 66 77 4 48 80 90 97 11 18 63 64 
70 73 66 11 24 21 98 66 68 38 12 70 43 61 7 95 98 34 79 43 33 56 31 51 23 36 40 
37 46 87 2 56 46 27 91 95 38 34 70 69 94 90 70 29 1 13 12 71 99 9 59 63 36 93 19 
34 1 90 24 13 39 36 66 33 90 53 70 33 63 64 72 37 2 56 57 79 63 16 35 98 28 99 7 47 
48 29 79 86 99 64 22 69 63 81 73 54 35 27 36 40 50 19 54 76 7 51 63 20 17 88 92 3 62 23 
28 75 9 31 9 9 88 45 97 51 96 2 45 17 24 82 33 77 21 82 66 28 38 55 56 51 58 19 43 32 31 
61 90 66 78 20 23 96 89 14 58 52 79 23 33 33 94 73 97 27 59 22 7 71 81 33 42 88 8 63 52 4 90 
94 60 93 89 64 100 71 21 9 25 26 51 11 1 70 80 24 35 99 95 59 89 96 19 100 95 60 45 40 32 95 56 76 
31 59 8 23 89 42 25 76 97 45 30 95 69 32 46 11 56 29 79 13 81 31 25 4 43 2 14 28 50 41 92 33 19 57 
93 93 16 25 51 6 43 68 15 31 1 30 41 59 51 4 89 4 93 3 65 89 12 92 99 57 62 57 23 1 19 86 94 85 95 
37 14 48 7 68 66 51 30 86 16 47 69 92 90 35 63 42 55 100 4 23 16 60 64 89 96 22 28 19 20 72 80 64 67 17 32 
53 38 46 98 43 84 27 46 34 58 95 6 71 50 56 15 85 29 21 72 12 47 94 66 63 99 78 53 75 85 77 63 45 21 94 15 1 
72 80 34 98 17 16 86 70 86 53 86 22 78 12 54 26 9 16 28 23 83 39 9 39 21 68 100 35 81 29 64 4 41 61 72 87 51 13 
51 75 16 67 57 73 43 4 63 7 29 5 83 63 20 59 52 26 29 11 78 1 19 75 61 24 77 74 72 74 100 44 29 1 3 63 96 51 8 
7 5 79 48 92 51 54 54 33 55 1 48 1 70 19 83 58 94 65 3 59 88 74 64 67 48 26 79 84 62 99 4 67 26 62 1 97 7 48 52 
10 88 21 63 22 55 18 29 8 52 75 16 5 86 12 78 51 57 93 85 7 92 50 81 12 9 40 60 28 56 74 16 38 89 68 13 30 50 22 9 39 
17 10 51 7 31 59 76 76 23 6 41 34 77 75 29 12 54 42 6 69 1 44 89 33 5 72 99 74 55 22 87 37 23 59 13 13 2 68 56 17 41 41 
93 27 15 79 82 9 86 50 82 85 88 9 34 90 12 79 64 93 42 42 47 14 65 72 80 63 68 98 72 91 14 50 48 5 87 33 50 84 3 85 9 3 98 
5 100 10 62 39 84 72 22 59 21 24 67 62 87 26 57 6 62 31 75 97 19 21 84 98 94 85 43 87 38 48 22 61 88 81 59 79 92 89 76 25 16 29 65 
45 71 9 84 3 87 10 65 11 24 46 84 49 54 100 17 52 45 58 30 49 72 71 55 26 91 58 59 51 6 2 91 45 51 76 70 14 75 63 77 78 95 100 44 83 
66 32 20 13 11 87 7 68 65 3 95 58 69 86 60 46 57 67 30 19 72 4 11 55 82 1 65 83 22 23 99 28 22 67 15 96 71 35 53 59 55 83 2 17 39 38 
55 1 11 76 9 17 29 16 98 25 20 55 23 86 31 55 42 79 82 59 71 2 34 84 91 37 14 25 32 13 37 56 88 89 10 24 79 76 2 72 92 92 45 98 10 79 30 
1 57 48 25 93 49 64 83 56 93 91 25 42 29 97 2 50 18 21 35 52 74 45 88 93 37 65 13 17 26 7 94 48 96 36 1 24 38 56 79 54 69 72 62 97 61 61 54 
44 94 34 14 40 58 90 14 73 32 100 40 66 59 36 79 33 82 67 56 30 16 100 84 11 49 93 64 88 44 21 53 64 79 71 71 28 93 53 81 94 98 92 85 91 94 59 58 95 
92 92 48 17 49 6 21 49 6 5 6 73 87 64 68 24 58 33 34 40 68 4 64 16 95 14 46 10 81 5 90 98 21 52 99 10 36 79 31 42 19 49 86 17 56 96 15 75 7 56
