6915
27
9802
1873
336
291411
723
2350
9859
6798.294117647059
197
9299
9756
9958
49
90
9862
49
385309
9672
9334
214091
709299
665832
9939
5083.191489361702
5206.788732394366
9942
34
9277
5130.681818181818
5092.584615384615
6137.833333333333
207
178433
1699072
1002
4426.083333333333
5074.193548387097
4792.368421052632
9600
9966
1714885
9793
9986
4619.844086021505
5166.436893203883
5410.346666666666
4746
5136.527363184079
18
2164448
9988
5
72
9792
9949
1667600
5685.0
2864150
9965
1
23
4998.068627450981
9986
9943
15
4890.525150905432
3223647
9991
1934508
12
3401045
5013.528301886792
3440129
4874.328358208955
19
26
5094.913946587537
9891
9917
9981
9996
3995810
3808526
9998
312393
9
3436778
9988
5076.793233082707
9949
9988
9058
36
4954.541554959786
16
3923659
 2129 643 6251 5562 3022 2776 59 256 6527 7769 6716 1162 8684 3 8482 6470 2254 6615 4900 8186 1177
Gimme the maximum of all the numbers: 
unknown word: 643
3923659
